-0.233333334326744	-0.141666665673256	0.141666665673256	0.233333334326744	-0.00416666688397527
-0.258333325386047	-0.158333331346512	0.158333331346512	0.258333325386047	-0.00416666688397527
-0.325000002980232	-0.20833333581686	0.20833333581686	0.325000002980232	-0.00416666688397527
-0.391666665673256	-0.266666665673256	0.266666665673256	0.391666665673256	0.00416666688397527
-0.441666662693024	-0.308333337306976	0.308333337306976	0.450000002980232	0.00416666688397527
-0.483333334326744	-0.33333332836628	0.33333332836628	0.483333334326744	0.00833333376795053
-0.5			-0.349999994039536	0.366666659712791	0.516666650772095	0.00833333376795053
-0.516666650772095	-0.366666659712791	0.366666659712791	0.533333331346512	0.00833333376795053
-0.533333331346512	-0.383333340287209	0.383333340287209	0.533333331346512	0.00833333376795053
-0.533333331346512	-0.383333340287209	0.383333340287209	0.550000011920929	0.00833333376795053
-0.550000011920929	-0.383333340287209	0.383333340287209	0.550000011920929	0.00833333376795053
-0.550000011920929	-0.383333340287209	0.383333340287209	0.550000011920929	0.00833333376795053
